1,2
3,4
5,6
7,8
9,10
9,11
9,12
13,14
15,16
17,18
19,20
21,22
23,24
23,25
26,27
28,29
28,30
28,31
28,32
28,33
28,34
35,6
35,36
37,38
37,39
40,41
40,6
42,43
44,45
46,47
48,6
49,50
51,52
53,27
53,54
55,6
41,56
41,57
41,58
41,59
41,60
41,61
41,62
41,63
41,6
41,64
41,65
41,66
41,67
41,68
41,69
41,70
41,71
41,72
41,73
41,74
41,75
41,76
41,77
41,78
41,79
41,80
41,81
41,82
41,83
41,84
41,85
41,86
41,87
41,88
41,89
41,90
41,91
41,92
41,93
41,94
41,95
41,96
41,97
41,98
41,99
41,100
41,101
41,102
41,103
41,104
41,105
41,106
41,107
41,108
41,109
41,110
41,111
41,112
41,113
41,114
41,115
41,116
41,117
41,118
41,119
41,120
41,121
41,122
41,123
41,124
41,125
41,126
41,127
41,128
41,129
41,130
41,131
41,132
41,133
41,134
41,135
41,136
41,137
41,138
41,139
41,140
41,141
41,142
41,143
41,144
41,145
41,146
41,147
41,148
41,149
41,150
41,151
41,152
41,153
41,154
41,155
41,156
41,157
41,158
41,159
41,160
41,161
41,162
41,163
41,164
41,165
41,166
41,167
41,168
41,169
41,170
41,171
41,172
41,173
41,174
41,175
41,176
41,177
41,178
41,179
41,180
41,181
41,182
41,183
41,184
41,185
41,186
41,187
41,188
41,189
41,190
41,191
41,192
41,193
41,194
41,195
41,196
41,197
41,198
41,199
200,201
202,203
204,205
206,207
206,208
209,210
209,211
209,212
209,213
209,214
215,56
215,216
215,217
56,59
56,218
56,219
56,220
56,221
56,222
56,223
56,224
56,225
56,226
56,216
56,227
56,70
56,71
56,72
56,74
56,75
56,228
56,76
56,229
56,230
56,79
56,231
56,81
56,232
56,233
56,86
56,234
56,235
56,236
56,237
56,238
56,91
56,94
56,239
56,95
56,98
56,240
56,241
56,242
56,243
56,109
56,110
56,244
56,113
56,116
56,245
56,246
56,247
56,120
56,248
56,249
56,250
56,124
56,251
56,252
56,127
56,253
56,128
56,254
56,255
56,132
56,135
56,256
56,257
56,140
56,141
56,258
56,259
56,142
56,260
56,261
56,262
56,144
56,263
56,146
56,264
56,265
56,149
56,266
56,267
56,268
56,269
56,270
56,271
56,272
56,273
56,274
56,275
56,276
56,277
56,163
56,164
56,278
56,168
56,279
56,280
56,281
56,282
56,172
56,283
56,181
56,184
56,185
56,284
56,285
56,286
56,287
56,288
56,289
56,290
56,191
56,195
56,291
56,198
56,292
56,293
294,295
294,296
297,6
57,6
298,6
298,142
299,300
299,301
302,303
304,305
306,307
308,6
309,310
311,312
311,313
314,300
314,301
314,315
316,317
316,318
316,319
316,320
316,321
316,322
316,323
316,324
316,325
326,322
327,328
329,330
329,331
332,333
58,6
58,142
334,335
59,6
59,140
59,142
336,337
338,339
338,340
341,342
341,343
341,217
341,301
341,207
341,344
341,345
341,346
341,347
348,349
348,350
351,312
351,352
351,353
354,301
354,355
354,356
354,357
354,358
354,324
359,360
359,361
362,54
60,6
363,364
365,366
61,6
18,318
18,367
18,368
18,369
370,27
370,371
370,303
370,207
370,372
370,373
370,374
370,375
370,376
377,378
379,277
380,381
382,383
384,6
62,6
62,142
385,386
385,387
388,6
389,390
391,392
391,393
391,373
391,394
391,395
391,396
218,6
397,398
399,27
399,400
399,401
402,324
403,404
403,405
406,407
408,6
409,6
410,411
412,413
412,414
415,416
415,417
418,39
419,420
421,422
423,300
423,27
423,424
423,425
423,426
423,301
423,427
423,428
423,429
423,430
423,252
423,431
423,347
423,432
423,324
63,6
63,142
433,36
434,435
434,436
434,437
438,439
440,424
440,441
440,252
440,442
440,432
443,6
444,445
416,446
416,417
220,142
6,447
6,448
6,64
6,65
6,66
6,222
6,449
6,67
6,450
6,451
6,224
6,452
6,453
6,454
6,68
6,455
6,456
6,457
6,458
6,459
6,69
6,460
6,461
6,70
6,462
6,463
6,71
6,464
6,72
6,73
6,74
6,75
6,465
6,76
6,229
6,466
6,77
6,78
6,79
6,80
6,467
6,81
6,468
6,469
6,470
6,471
6,472
6,473
6,82
6,474
6,83
6,475
6,84
6,476
6,85
6,86
6,477
6,478
6,479
6,480
6,481
6,87
6,482
6,234
6,236
6,483
6,88
6,484
6,89
6,90
6,485
6,486
6,487
6,488
6,489
6,91
6,490
6,92
6,491
6,492
6,493
6,93
6,94
6,95
6,96
6,97
6,98
6,494
6,99
6,495
6,496
6,497
6,100
6,498
6,101
6,102
6,499
6,104
6,500
6,501
6,105
6,502
6,106
6,107
6,503
6,504
6,108
6,109
6,441
6,111
6,505
6,112
6,113
6,114
6,115
6,506
6,507
6,508
6,116
6,117
6,509
6,510
6,118
6,511
6,512
6,247
6,119
6,513
6,121
6,122
6,514
6,515
6,516
6,517
6,518
6,519
6,520
6,123
6,521
6,124
6,522
6,523
6,524
6,525
6,526
6,125
6,126
6,527
6,127
6,253
6,528
6,529
6,530
6,531
6,128
6,129
6,130
6,532
6,533
6,131
6,255
6,534
6,132
6,133
6,134
6,136
6,535
6,256
6,536
6,537
6,538
6,137
6,138
6,139
6,539
6,140
6,141
6,540
6,541
6,542
6,543
6,143
6,544
6,262
6,144
6,545
6,546
6,145
6,547
6,548
6,146
6,549
6,550
6,148
6,551
6,149
6,150
6,151
6,152
6,552
6,553
6,554
6,153
6,555
6,154
6,155
6,156
6,556
6,557
6,558
6,268
6,559
6,157
6,269
6,560
6,158
6,561
6,562
6,563
6,159
6,564
6,160
6,565
6,566
6,161
6,162
6,567
6,568
6,164
6,165
6,569
6,570
6,571
6,572
6,573
6,376
6,574
6,575
6,166
6,167
6,576
6,577
6,169
6,578
6,579
6,170
6,171
6,282
6,580
6,581
6,172
6,173
6,174
6,175
6,582
6,178
6,179
6,583
6,180
6,181
6,182
6,183
6,184
6,185
6,584
6,585
6,586
6,587
6,187
6,588
6,589
6,285
6,590
6,188
6,591
6,286
6,592
6,287
6,593
6,594
6,595
6,340
6,596
6,190
6,191
6,597
6,192
6,193
6,194
6,598
6,195
6,599
6,196
6,197
6,198
6,600
6,293
6,199
601,602
601,603
601,393
601,604
601,605
606,607
608,609
608,610
608,611
612,613
614,615
616,424
616,617
616,468
616,618
616,619
616,489
616,620
616,621
616,622
616,623
616,624
616,252
616,442
616,625
616,626
616,347
616,432
616,627
616,628
629,630
631,27
631,632
631,356
633,634
635,277
636,378
637,638
637,639
637,640
637,641
637,642
637,643
637,644
637,645
646,647
646,31
646,648
646,34
646,649
650,651
652,300
446,417
653,424
653,441
653,654
653,252
653,655
656,657
656,658
656,659
656,660
656,432
656,376
661,662
663,330
663,664
663,31
665,666
667,668
669,670
671,672
671,611
673,378
674,675
674,378
14,676
14,677
678,679
66,680
681,378
682,683
684,685
686,425
687,688
689,690
657,301
657,691
657,624
657,356
657,321
692,301
692,693
422,342
422,694
422,424
422,695
422,632
422,207
422,696
422,441
422,24
422,252
422,345
422,697
422,626
422,307
422,323
422,698
699,700
675,252
675,701
675,573
702,303
703,704
390,705
390,706
707,708
707,252
707,432
709,342
709,710
709,711
709,344
709,712
709,713
709,668
714,592
715,639
339,716
339,717
339,340
342,300
342,301
342,319
342,718
342,625
342,719
342,374
342,720
342,721
342,321
342,722
342,324
723,378
29,647
29,724
29,30
29,725
29,31
29,32
29,648
29,34
29,726
29,727
728,535
68,142
638,602
638,640
638,393
638,641
638,642
638,729
638,643
638,644
730,731
732,683
733,734
216,337
216,424
216,232
216,735
216,736
216,96
216,737
216,252
216,527
216,738
216,134
216,259
216,142
216,307
216,739
216,168
216,350
740,741
742,378
742,277
743,744
743,315
743,718
743,745
746,747
748,749
750,340
751,752
751,753
751,754
751,755
756,757
337,758
337,426
337,301
337,759
337,718
300,27
300,760
300,694
300,424
300,343
300,761
300,301
300,762
300,619
300,763
300,764
300,623
300,765
300,766
300,767
300,768
300,252
300,345
300,697
300,626
300,769
300,770
300,347
300,771
300,401
300,698
300,628
456,772
456,142
773,428
773,378
773,358
774,775
27,694
27,424
27,776
27,468
27,777
27,343
27,761
27,301
27,762
27,778
27,632
27,779
27,780
27,781
27,782
27,783
27,112
27,718
27,784
27,785
27,786
27,787
27,252
27,345
27,697
27,788
27,719
27,789
27,626
27,34
27,431
27,790
27,791
27,792
27,793
27,794
27,347
27,795
27,796
27,797
27,798
27,799
27,566
27,54
27,800
27,801
27,324
27,350
27,313
27,802
458,353
803,804
803,378
805,779
805,659
806,712
807,808
809,810
811,812
811,813
811,814
811,815
816,817
818,625
819,820
821,822
821,823
824,825
824,826
824,252
317,778
317,827
317,24
317,828
317,829
317,830
317,831
317,442
317,697
317,832
317,833
317,347
317,698
295,834
295,358
295,698
461,835
836,837
838,839
838,840
838,431
838,841
838,323
842,843
844,845
844,846
844,847
848,849
848,850
851,840
851,378
852,853
852,854
852,855
371,760
371,694
371,424
371,695
371,618
371,856
371,857
371,858
371,315
371,859
371,398
371,622
371,441
371,860
371,861
371,623
371,862
371,863
371,252
371,719
371,626
371,307
371,864
371,431
371,865
371,347
371,432
371,799
371,627
371,801
371,324
371,866
371,867
371,350
868,869
868,763
868,870
868,871
872,622
872,393
872,873
872,373
872,642
872,395
872,874
875,876
615,877
760,718
760,378
760,625
760,431
760,721
760,401
878,879
880,881
880,882
883,884
464,885
464,142
886,887
888,424
888,441
888,623
888,252
888,442
888,864
888,347
888,799
888,350
72,142
72,889
890,891
890,892
890,893
676,424
676,441
676,252
676,894
330,378
330,895
330,896
897,589
710,378
694,426
694,301
694,428
694,639
694,884
694,898
694,319
694,718
694,899
694,683
694,900
694,901
694,378
694,625
694,719
694,431
694,721
694,902
694,796
694,903
694,722
694,904
75,142
905,690
906,378
741,907
741,441
741,307
465,908
909,910
424,303
424,685
424,911
424,426
424,301
424,711
424,857
424,238
424,912
424,913
424,355
424,366
424,884
424,344
424,763
424,876
424,914
424,718
424,624
424,915
424,296
424,775
424,900
424,916
424,917
424,918
424,39
424,919
424,527
424,356
424,871
424,407
424,920
424,921
424,922
424,140
424,734
424,923
424,924
424,925
424,431
424,926
424,320
424,927
424,796
424,321
424,358
424,928
424,903
424,929
424,930
424,324
424,931
424,188
424,932
424,904
933,934
933,935
933,936
933,937
938,939
228,940
941,942
941,943
941,944
76,142
945,900
229,142
230,527
776,885
776,946
466,142
77,947
948,949
950,378
951,952
78,142
953,954
955,956
303,846
303,957
303,252
303,847
303,697
303,894
303,432
303,376
958,959
958,960
312,961
312,313
962,846
962,698
962,963
964,965
964,321
966,967
966,968
81,140
81,142
969,378
970,54
617,426
617,301
617,971
617,321
617,903
468,759
468,142
468,431
468,972
973,974
975,976
977,978
977,873
977,979
977,396
980,889
981,425
982,983
982,168
984,310
984,947
985,124
986,987
986,277
988,989
988,990
647,991
647,724
647,725
647,992
647,31
647,34
647,895
647,649
993,431
993,323
994,995
994,996
997,998
999,808
1000,971
1001,1002
1001,1003
609,827
609,1004
45,1005
45,1006
45,1003
45,1007
45,1008
45,1009
45,1010
1011,428
1011,47
1011,378
1012,378
1013,639
1014,786
1014,739
417,823
1015,429
1015,605
233,127
233,1016
233,1017
233,1018
82,142
685,1019
685,441
685,252
685,1020
685,350
474,142
1021,1022
664,727
664,1023
83,39
83,142
343,301
343,639
343,431
1024,1025
217,1026
217,24
217,252
1027,301
705,431
705,908
1028,651
1029,956
85,142
853,1030
853,854
86,140
86,142
1031,658
679,1032
761,428
761,639
761,1033
1034,378
1034,1035
1034,1036
1034,1037
1034,1038
1034,401
991,724
991,992
991,31
991,648
991,34
991,895
1039,426
1039,301
1039,625
1039,54
1039,1040
425,1041
425,605
677,441
1042,1043
1044,1045
1046,1047
735,238
735,188
1048,378
1049,915
1050,1051
1050,1052
333,520
333,1053
825,863
825,252
825,1054
825,739
825,347
825,1055
825,1056
736,429
736,120
736,277
618,426
618,301
618,319
618,718
618,1057
618,378
618,1058
618,431
618,628
482,142
1059,1060
602,603
602,640
602,641
602,642
602,604
602,644
602,1061
602,1062
602,605
607,121
607,1063
426,857
426,619
426,1064
426,983
426,622
426,441
426,623
426,1065
426,863
426,252
426,345
426,33
426,626
426,864
426,347
426,432
426,36
1066,1067
1068,1069
301,762
301,778
301,1070
301,857
301,619
301,779
301,428
301,780
301,620
301,1064
301,315
301,658
301,622
301,1071
301,1072
301,429
301,207
301,1073
301,696
301,764
301,441
301,24
301,25
301,623
301,765
301,691
301,1065
301,1074
301,624
301,1075
301,252
301,1076
301,356
301,442
301,345
301,701
301,33
301,697
301,625
301,626
301,34
301,720
301,864
301,659
301,1077
301,1078
301,1079
301,791
301,347
301,1080
301,432
301,946
301,771
301,1081
301,799
301,1082
301,627
301,376
301,698
301,283
301,801
301,867
301,350
301,361
301,1083
301,628
804,764
804,1084
804,252
804,356
804,345
804,1085
804,401
1086,916
1086,1087
1086,1025
762,428
762,639
762,431
1088,1089
778,1090
778,815
778,320
778,324
1091,713
1092,140
1092,142
1092,387
934,925
1093,1094
1093,1095
1093,739
1096,1097
1096,1098
1096,1099
1096,1100
413,1101
1102,378
1026,1002
1026,324
1026,1103
995,996
711,884
711,441
711,1104
711,252
711,739
711,1105
1070,358
857,355
857,718
857,1030
857,356
857,815
857,431
857,401
857,698
857,324
1106,1107
619,355
619,140
1108,1109
1108,407
1108,1110
1108,191
1111,1112
1111,1025
1111,928
1113,658
1113,983
1113,1065
1113,1114
1113,801
1115,31
632,428
632,900
632,378
632,808
632,321
238,527
1116,324
1117,1087
1118,1119
1120,1121
779,428
779,1122
779,1123
428,718
428,788
428,34
428,698
428,361
428,1124
486,142
1125,277
780,639
780,39
1126,378
1126,54
91,140
47,628
620,355
620,1127
620,431
1064,718
1064,1128
1129,884
1129,344
1129,900
1129,39
1129,431
744,315
744,1130
744,718
744,1131
1132,54
1094,623
1094,250
1094,442
1094,33
1094,1133
845,957
845,1023
1134,794
846,1135
846,963
92,142
1136,1137
630,1051
630,1138
315,718
1139,1140
1141,340
43,796
621,1142
621,1143
1144,812
1145,1146
781,639
781,355
1147,1148
1149,277
94,527
94,142
658,1072
658,624
658,393
658,356
658,395
658,347
658,1081
912,252
1150,1112
1151,613
1151,1152
983,1153
983,718
983,347
318,1154
95,142
1155,625
1156,1157
1158,1159
1160,1161
752,753
752,1162
752,755
724,648
724,34
1163,1152
1164,307
822,1165
822,1166
822,1167
822,1168
822,1037
822,1169
859,639
859,900
859,690
859,666
859,1170
1171,1172
16,1173
398,949
1146,960
622,718
622,393
622,1174
622,641
98,142
1175,1176
639,783
639,1177
639,764
639,767
639,768
639,1178
639,787
639,252
639,345
639,625
639,626
639,1179
639,1079
639,347
639,799
639,698
639,283
639,1180
639,1181
639,1182
639,361
639,1183
639,628
1184,340
1071,1185
1186,1187
1188,1189
1190,1191
913,1192
913,442
913,820
913,1193
913,1194
1195,1196
1197,378
355,207
355,623
355,831
355,252
355,442
355,626
355,864
355,791
355,347
355,1198
355,867
1199,1200
366,252
1201,1202
783,319
783,1203
783,900
1204,1205
1130,718
1130,745
1130,1206
1130,1207
1072,54
1072,353
884,624
884,252
884,345
884,307
884,347
884,432
884,323
884,1208
884,350
1209,954
1210,30
1210,727
1210,331
499,142
1211,1212
201,1213
1140,1214
1215,1216
1215,340
104,142
207,378
207,990
207,431
207,321
207,1217
1153,899
1153,1218
1153,1219
1153,901
1220,52
1220,347
1221,1222
1223,12
1223,1224
1177,1225
967,1226
344,441
344,252
344,1227
910,860
1228,914
1228,52
1229,1230
1229,1231
1232,442
1232,432
1233,721
240,1234
240,1235
240,800
241,277
827,320
319,1236
319,252
319,1079
319,698
1237,1238
1236,188
1148,1239
696,381
1240,1241
30,31
30,32
30,331
763,1242
763,252
763,307
763,1243
38,142
812,813
812,815
907,1244
1245,1246
764,431
764,1247
764,588
876,441
876,252
876,1248
876,1249
876,1250
914,252
108,142
1251,441
1251,1008
1251,611
1252,1033
1253,1133
109,527
109,1208
826,1254
441,759
441,1065
441,718
441,1255
441,916
441,917
441,871
441,407
441,1256
441,1257
441,922
441,1258
441,923
441,924
441,925
441,1259
441,54
441,722
441,1260
441,324
441,931
603,641
603,642
603,604
603,1062
603,605
891,892
891,893
111,142
1261,432
957,847
957,1023
24,900
24,320
24,321
24,358
25,691
25,624
25,356
25,324
112,142
112,307
861,252
623,718
623,900
623,378
623,625
623,140
623,431
623,721
623,358
623,903
623,722
623,1010
1262,830
1263,947
1263,1264
1265,899
765,307
114,142
670,1266
1267,1268
1269,1270
1269,1271
1272,31
508,142
1273,722
116,142
116,889
117,142
1274,323
509,142
1275,1087
1276,1277
1278,722
1279,1280
1279,1281
1282,1283
1284,799
1285,956
1285,659
1270,1286
510,142
1287,1288
691,624
691,720
691,817
1289,364
1290,830
1290,831
1290,1291
392,978
392,394
392,1292
392,874
392,979
392,396
725,31
725,34
725,923
725,895
725,649
247,889
119,142
1065,718
1065,431
1065,347
640,641
640,642
640,643
640,604
640,644
640,1061
640,605
120,140
120,889
1293,1294
1295,810
1296,1037
1297,1298
1297,1191
121,142
1299,1300
1299,1301
1074,718
1074,324
1074,1302
122,142
1303,340
718,1131
718,1304
718,252
718,1076
718,345
718,33
718,697
718,1305
718,626
718,745
718,864
718,1167
718,347
718,1161
718,998
718,799
718,1306
718,1207
718,360
718,401
718,627
718,628
718,1307
1308,378
1107,1309
737,188
1310,978
1310,396
1203,698
1131,364
1311,785
514,568
1312,1313
768,1314
768,1127
768,796
1315,1316
1315,250
1315,651
1315,1317
1315,716
1315,971
1318,1319
1318,1320
1318,939
1319,1320
1319,939
1321,1322
1323,378
1283,20
1283,1324
1325,1316
1325,1326
1316,1327
1316,1324
654,624
654,900
624,1328
624,900
624,356
624,734
624,720
624,792
624,1037
624,321
624,1082
624,324
624,817
1329,659
1330,1192
1328,731
1051,745
1331,1332
830,831
516,142
1333,1334
1335,1334
1336,378
1337,378
1337,54
1338,378
1339,1340
1341,947
1342,54
1343,431
1343,1344
863,708
863,1192
863,900
863,431
863,324
250,900
250,1317
250,378
250,1345
250,971
250,140
250,1095
250,323
250,324
915,252
915,1058
1346,1347
1348,625
978,873
978,394
978,1292
978,1349
978,874
978,396
992,31
992,34
992,649
1350,1351
1351,854
1352,1353
1354,721
1355,324
1355,1356
1084,901
1084,356
1178,39
1357,1358
708,1359
708,666
708,1360
708,324
1361,1216
1362,378
1192,1363
899,1219
899,901
1045,1364
1045,1365
1218,1219
1218,901
892,893
892,605
785,1016
683,20
683,1345
683,1366
683,1367
753,754
753,755
753,289
753,596
1368,39
1368,690
813,690
20,731
20,1345
20,1369
123,142
1370,1371
1370,1372
1373,625
1373,1371
1374,378
1375,378
1375,358
521,277
700,900
700,1376
393,873
393,373
393,435
393,1174
393,642
393,395
393,1349
393,1377
393,874
393,436
393,437
393,604
873,642
873,395
873,1349
873,874
873,396
775,252
1255,1378
900,1379
900,252
900,345
900,697
900,1349
900,307
900,739
900,1079
900,347
900,321
900,573
900,1380
900,867
900,361
900,1381
522,277
840,356
1382,1377
1383,1002
1383,1006
1383,1384
1383,721
1280,1281
1385,1386
1387,1388
1389,1390
1002,1391
1002,1003
1392,1369
373,394
373,1174
373,642
373,395
373,1349
373,729
373,874
1393,925
31,648
31,33
31,34
31,1033
31,649
1304,1095
1053,1394
1395,1396
786,1345
786,1397
786,690
786,1398
1399,378
916,252
1219,901
1219,1047
1314,432
364,1400
1401,1268
917,252
1402,810
1403,39
1403,1404
1090,832
1405,368
1075,1406
1406,1407
1406,1112
918,252
918,347
918,1191
1408,1409
1409,1302
1410,854
1379,39
716,717
1127,1411
1412,1413
39,252
39,1349
39,1414
39,307
39,347
411,1344
1415,442
831,1213
1416,378
1416,1334
394,1174
394,395
394,979
394,396
252,919
252,1057
252,378
252,871
252,407
252,922
252,734
252,924
252,925
252,431
252,666
252,926
252,721
252,927
252,321
252,358
252,323
252,903
252,800
252,722
252,929
252,930
252,324
252,931
252,1010
252,188
252,932
252,628
252,904
901,1366
1417,36
1407,11
1407,1112
1407,1398
956,814
956,1418
1047,1419
1420,690
210,211
210,212
527,132
527,259
527,267
527,164
527,168
527,188
1421,1422
1421,1423
1421,1424
1421,867
1422,1423
1422,360
1422,903
1422,1424
1057,1425
1057,1173
1057,865
1057,401
1426,378
1426,358
253,142
754,1162
754,755
754,289
754,596
1427,1043
1142,1143
32,34
32,1428
528,142
1006,1384
1006,1429
1430,1431
378,1432
378,442
378,345
378,1433
378,536
378,1434
378,626
378,1435
378,864
378,1436
378,1036
378,1079
378,1037
378,347
378,1437
378,1438
378,1439
378,1085
378,1208
378,1440
378,401
378,405
378,1441
378,1442
378,1443
378,361
378,1444
378,1445
378,1446
378,1447
1418,1327
954,1448
11,307
1449,387
356,432
356,321
356,749
356,627
356,376
356,340
1016,1087
1016,939
1016,1450
1016,347
129,142
442,140
442,925
442,1386
442,324
442,931
130,142
1327,1025
1327,788
1451,340
717,340
1452,307
1174,395
1174,729
648,33
648,34
648,896
345,625
345,734
345,431
345,960
345,54
345,904
1453,1384
1453,174
255,142
132,142
367,369
738,1454
738,188
133,142
1455,140
1456,808
641,642
641,1457
641,643
641,604
641,644
641,1061
641,605
1458,1268
642,395
642,1349
642,1459
642,1457
642,604
642,644
642,645
642,1062
642,605
1460,800
33,34
33,734
33,1033
1461,1254
1461,1231
815,599
1112,625
1112,1462
134,142
1058,307
1058,347
1369,1324
1369,1419
1365,792
1463,720
1464,1309
1324,1419
1324,368
1391,791
1292,396
697,358
697,1465
871,894
871,1378
136,142
535,1307
990,1466
990,1467
990,1468
1025,1469
1089,1470
1089,1038
1089,810
537,142
1471,866
137,142
1472,605
1473,277
788,431
625,626
625,347
625,698
1054,722
1474,1475
719,626
719,864
719,347
719,1476
719,927
719,904
1477,1478
140,142
140,739
140,347
140,432
140,566
140,168
140,282
140,1479
140,285
1480,1481
141,142
1482,1483
1484,1485
626,431
626,903
626,324
626,1486
626,904
374,1487
34,895
690,739
734,432
720,1465
720,324
923,324
924,894
1423,1424
1423,867
1488,431
1489,939
1490,36
259,188
1286,1083
375,376
142,143
142,144
142,545
142,146
142,148
142,149
142,150
142,151
142,152
142,154
142,155
142,1491
142,158
142,575
142,166
142,169
142,170
142,172
142,175
142,178
142,179
142,187
142,589
142,188
142,288
142,340
142,596
142,190
142,193
142,198
939,1450
307,431
307,666
307,1492
307,1493
307,1494
307,1495
307,796
307,662
307,188
864,431
864,904
895,896
895,331
1496,722
431,739
431,1200
431,347
431,432
431,1246
431,627
431,573
431,376
431,698
431,1443
431,350
431,361
431,628
1384,1497
1384,1429
1498,1230
1095,739
1095,347
1095,432
659,321
659,749
1499,324
1500,353
972,401
666,347
666,1501
666,698
666,1502
1162,755
1162,289
729,1457
729,604
739,721
739,321
739,1503
739,903
1504,1505
1506,1507
1506,1508
832,320
832,323
832,324
1509,850
1167,960
1200,324
1510,1511
1512,1302
1513,605
791,1247
1457,604
792,1514
1515,1516
1515,889
1309,1517
1037,347
660,321
211,214
212,214
213,214
1518,896
1519,1520
1038,1521
1038,1514
794,960
833,320
347,721
347,796
347,321
347,323
347,903
347,722
347,324
347,1056
347,904
755,289
1522,1523
1524,645
894,54
894,930
874,396
320,698
387,1523
721,401
1525,1465
952,947
927,904
1526,324
1527,947
1528,1529
796,350
796,1191
796,1381
432,358
432,1530
1531,1288
1532,998
321,376
771,931
358,1533
323,799
323,698
998,1534
998,698
1535,1536
1537,54
276,585
643,644
799,1538
1539,1540
1413,1541
1378,932
1378,1043
360,1334
810,401
1542,722
277,285
277,287
401,628
401,1514
979,396
54,867
54,350
54,361
1543,1100
627,324
1419,947
1419,843
1544,340
1545,36
604,644
604,1061
604,1062
604,605
376,324
376,1157
1546,645
168,188
644,1061
644,1062
644,605
1547,324
1061,605
1548,600
1424,867
698,324
698,628
1549,1550
1551,801
1380,1552
1553,1040
324,817
324,1443
324,867
324,1554
324,350
1443,1056
1554,191
350,188
1445,1056
1555,36
963,1023
289,596
1428,208
340,1556
1485,1557
1302,850
